 1880327
 1880322
 1880274
 1880120
 1880118
 1880076
 1880064
 1880037
 1880027
 1879939
 1879934
 1879933
 1879930
 1879928
 1879913
 1879907
 1879890
 1879879
 1879864
 1879836
 1879827
 1879825
 1879543
 1879538
 1879537
 1879534
 1879532
 1879524
 1879523
 1879521
 1879491
 1879487
 1879478
 1879439
 1879438
 1879437
 1879435
 1879422
 1879409
 1879408
 1879400
 1879392
 1879390
 1879385
 1879383
 1879368
 1879356
 1879355
 1879354
 1879339
 1879336
 1879330
 1879326
 1879325
 1879318
 1879312
 1879310
 1879303
 1879302
 1879298
 1879291
 1879290
 1879286
 1879281
 1879280
 1879278
 1879268
 1879260
 1879059
 1879061
 1879056
 1879055
 1879052
 1879051
 1879050
 1879049
 1879047
 1879044
 1879043
 1879042
 1879041
 1879037
 1879031
 1879030
 1879027
 1879026
 1879018
 1879003
 1878996
 1878993
 1878991
 1878984
 1878978
 1878975
 1878949
 1878943
 1878941
 1878940
 1878929
 1878919
 1878918
 1878916
 1878906
 1878905
 1878899
 1878898
 1878893
 1878889
 1878879
 1878872
 1878845
 1878844
 1878842
 1878837
 1878830
 1878828
 1878821
 1878814
 1878812
 1878802
 1878800
 1878794
 1878786
 1878785
 1878784
 1878780
 1878620
 1878615
 1878614
 1878610
 1878606
 1878605
 1878595
 1878588
 1878582
 1878578
 1878577
 1878575
 1878571
 1878566
 1878558
 1878551
 1878548
 1878541
 1878538
 1878537
 1878449
 1878448
 1878442
 1878441
 1878431
 1878430
 1878425
 1878424
 1878411
 1878404
 1878400
 1878392
 1878390
 1878364
 1878351
 1878349
 1878348
 1878347
 1878346
 1878345
 1878344
 1878343
 1878342
 1878341
 1878340
 1878339
 1878338
 1878337
 1878336
 1878335
 1878334
 1878333
 1878332
 1878331
 1878330
 1878329
 1878328
 1878327
 1878326
 1878325
 1878324
 1878323
 1878322
 1878321
 1878320
 1878319
 1878318
 1878317
 1878316
 1878315
 1878314
 1878313
 1878312
 1878311
 1878310
 1878309
 1878308
 1878307
 1878306
 1878305
 1878304
 1878303
 1878302
 1878301
 1878300
 1878299
 1878298
 1878297
 1878296
 1878295
 1878294
 1878293
 1878292
 1878291
 1878290
 1878289
 1878288
 1877932
 1877931
 1877929
 1877928
 1877925
 1877920
 1877918
 1877914
 1877908
 1877901
 1877899
 1877897
 1877893
 1877892
 1877886
 1877879
 1877878
 1877872
 1877863
 1877856
 1877854
 1877852
 1877850
 1877847
 1877846
 1877845
 1877843
 1877838
 1877830
 1877798
 1877796
 1877794
 1877793
 1877792
 1877722
 1877721
 1877720
 1877719
 1877718
 1877717
 1877715
 1877711
 1877710
 1877709
 1877708
 1877707
 1877704
 1877703
 1877702
 1877695
 1877694
 1877693
 1877692
 1877691
 1877690
 1877689
 1877688
 1877687
 1877686
 1877685
 1877683
 1877677
 1877676
 1877675
 1877674
 1877673
 1877672
 1877671
 1877659
 1877657
 1877646
 1877642
 1877641
 1877640
 1877639
 1877635
 1877631
 1877629
 1877628
 1877625
 1877622
 1877620
 1877616
 1877614
 1877612
 1877601
 1877599
 1877597
 1877596
 1877556
 1877555
 1877554
 1877552
 1877551
 1877548
 1877547
 1877546
 1877545
 1877544
 1877543
 1877542
 1877540
 1877538
 1877537
 1877535
 1877534
 1877533
 1877532
 1877531
 1877529
 1877528
 1877526
 1877525
 1877524
 1877520
 1877515
 1877513
 1877507
 1877504
 1877503
 1877500
 1877499
 1877498
 1877496
 1877495
 1877494
 1877490
 1877486
 1877479
 1877476
 1877473
 1877471
 1877414
 1877412
 1877409
 1877408
 1877406
 1877405
 1877404
 1877403
 1877402
 1877401
 1877400
 1877398
 1877397
 1877396
 1877395
 1877394
 1877393
 1877391
 1877389
 1877388
 1877386
 1877385
 1877384
 1877382
 1877380
 1877379
 1877376
 1877374
 1877373
 1877372
 1877371
 1877369
 1877368
 1877367
 1877366
 1877365
 1877363
 1877362
 1877360
